7482
5945
6708
9485
6074
7415
6067
6636
1495
6862
8367
811
7515
4626
6629
2601
871
2417
2502
941
7332
2203
5858
8666
8508
5206
200
7377
7497
6497
7435
8520
6366
3672
7641
3050
1862
5095
9497
6592
8505
2354
7651
7374
2086
3477
6533
4032
7149
9863
4722
6534
4908
901
5389
7326
2845
6700
1991
3809
4126
9718
8134
2465
1489
1417
3382
1442
8197
9452
6868
8981
9909
28
7080
2989
4879
910
1395
2316
6615
6965
8634
6781
3181
8006
4994
3272
2812
4378
4316
7537
2805
4981
3666
1345
3036
213
5187
3546
3216
2572
8411
6837
5425
5073
8647
1567
1277
7892
9896
7907
2252
7425
2390
7113
1277
935
4454
5344
80
5882
5215
6471
3525
7733
1417
5043
5093
8132
3639
4108
8736
6128
6231
2040
1446
348
8136
2252
5882
1584
2587
7344
2644
5380
7933
5426
2005
1152
964
2926
9153
354
5447
2685
2728
1311
5107
9516
6277
6445
9275
5871
8555
2448
7072
7013
8892
5748
9586
2812
2509
5963
1893
472
4742
2006
5463
8241
4622
6313
3585
8715
5671
2907
2333
2411
1605
5867
1399
5734
804
7929
4727
203
2923
3444
7853
1956
4284
7136
8061
3480
1422
5659
5950
7685
2796
7215
1742
77
3135
8122
1560
8718
7033
2924
1448
7111
5028
2209
1598
744
8491
9633
2578
3705
4070
8916
7367
3149
6972
1881
5186
8648
4868
7656
9229
7150
6653
4119
6247
4078
2463
1706
5999
6720
4545
2991
4929
2411
4317
3497
8879
2138
9216
1803
7508
4367
5142
3783
4581
2953
1910
3319
5305
9634
1545
8524
6379
8652
1761
2869
5021
3085
2280
9011
958
5352
9574
5498
7631
2558
8312
778
9363
821
8461
3423
6918
9880
6802
8086
336
5967
6880
4594
2089
224
9364
8253
9455
6982
864
9586
5125
9633
5937
5403
6831
2254
785
502
971
5337
3997
1918
8274
3776
4537
3287
2000
2089
626
8681
2879
8407
2500
3745
9163
5593
2686
3653
2386
3012
7843
4662
1882
418
8770
299
9719
3914
7976
5099
1853
8850
3108
971
1011
2995
1355
617
7737
8076
174
8616
5099
1497
9449
1390
2246
614
5085
2186
6507
5390
3872
1689
4402
1833
2563
2075
2065
4597
3780
7889
6508
1971
3829
6042
4847
3782
125
3375
1834
776
990
523
60
2542
9543
1343
2547
9853
2122
6437
3331
8845
8496
5763
7285
7196
1084
7618
2018
1878
893
672
3889
2196
3560
3123
2765
290
3190
6559
1322
5590
9530
6617
5465
4926
9125
8925
9530
6504
269
5805
3473
8648
8555
6251
4461
1222
1781
10
4069
6646
4844
9519
2275
3948
6150
8861
8550
1679
190
1138
1490
381
7002
2540
8123
4271
8445
8192
1986
8991
3518
348
494
615
2026
8491
2575
3852
1318
1913
8416
331
2295
6471
9899
9651
4661
6722
4465
3187
1901
6815
5881
1637
5526
3514
553
5051
9510
1935
1427
2664
6774
8008
4290
2179
1411
3785
7606
6424
5575
3880
1595
7679
1672
7840
4320
2049
4142
824
4647
7832
859
2032
1832
1078
7510
2652
1612
5049
5464
7220
5927
4269
6923
778
3236
7475
3120
3246
5479
2737
2416
8815
3087
3978
2533
8674
1355
7423
554
2104
5103
7477
736
2267
471
6281
738
2649
8635
9826
2283
4309
1811
3014
7303
9610
2045
2255
8087
8417
4221
751
3385
1973
4244
7826
7272
9989
612
676
143
4922
7554
1763
804
665
5645
2821
515
6859
2527
8252
8775
7739
3666
5033
6000
6736
2836
8352
2850
2348
4574
5355
9243
2036
6593
3905
1111
4304
7186
872
1767
3221
7288
3640
399
7410
7763
434
5823
984
4367
5281
3813
782
2633
624
9248
7811
7906
9837
2312
2357
3842
5596
9964
1730
767
1902
2108
8413
2733
2308
7337
6067
5304
6606
8921
6958
1024
5785
399
313
5412
873
1867
8214
8115
9779
798
8077
1422
9630
8673
1733
7586
5754
1974
7208
3109
4818
8382
2306
1631
670
9676
410
4475
7469
4139
1428
2349
9697
6124
3558
8790
6603
3010
8010
534
9416
5314
660
4961
8428
9732
2500
2390
1502
9215
1438
3532
7268
1957
4712
3117
4113
8058
5555
5080
6348
6651
2750
7985
2690
2396
9015
2268
9055
147
5188
8570
617
2211
1041
4739
3005
6123
8186
5861
5439
8241
8043
427
572
3849
4167
850
2178
9274
5926
9272
6675
7122
1586
6901
4981
2297
100
1023
8125
6244
730
7464
6925
123
2588
7147
3452
4077
3823
6632
2629
8658
3001
1291
3203
1746
9638
3348
1339
8260
5531
2146
9658
7353
9033
7393
8177
8122
5348
406
4254
2639
7125
712
3277
5825
1020
7682
7630
2658
7642
4358
3993
988
174
5492
8639
7864
8830
1851
6067
7472
4569
671
2586
902
5995
476
6350
4151
8416
2106
9497
7962
2828
65
9840
6381
4411
4783
3949
3762
7684
9720
3986
4966
243
877
8139
2787
9256
1392
1155
7510
4522
3687
521
5235
2111
6495
7733
8343
8080
3522
2614
9215
3337
1068
2638
2535
1487
5995
2432
2118
9653
4421
152
2312
4544
8863
4572
7163
6090
8027
4930
9262
3060
5745
7378
7879
223
1281
253
7876
5468
3927
2286
6229
4578
288
2927
8712
561
1805
5343
2516
1829
1190
2500
5658
2301
3809
5820
7240
1548
8835
1576
1760
7440
7733
2074
6426
7441
8923
5998
1909
2364
1
1127
1667
6753
5318
1660
9622
601
4574
3795
885
156
3779
732
5156
6786
1948
5842
4867
6584
6384
4973
8789
7269
3485
2379
6835
2382
2836
6752
3282
4599
7527
8908
1027
4332
4774
8412
5354
4623
4070
6675
3217
7617
6963
5947
4638
230
9687
1910
9186
8116
5340
1466
579
45
8702
3836
2364
9630
1925
1228
6819
1431
8002
402
2636
2219
5527
2455
748
9066
1932
6184
8337
3166
3775
1702
4384
3378
8075
6305
4942
106
317
8790
6579
8382
3731
5302
172
2505
8885
2297
6560
7234
2025
3699
422
2360
8242
8294
2629
5491
9976
600
5131
2793
1038
8487
9426
8702
32
2922
8016
6944
5259
1609
9918
18
1857
8944
9179
1366
9133
2528
7458
3201
3141
198
8377
9897
1838
6288
1499
5042
7427
3213
3625
154
9369
949
5708
7186
8653
665
3278
62
9599
9820
1242
2271
8243
4706
9441
7007
181
4183
4751
3947
1229
9076
8861
9784
1795
2029
4312
6751
5381
6159
1137
8715
2103
664
3927
6006
1674
4519
5042
9630
6560
6406
2113
349
7151
1380
8310
4490
7796
920
1824
3674
9114
8355
4298
4635
9083
2502
2
2002
2341
9348
589
7907
1905
8905
8457
1921
4240
11
6611
9015
4855
7887
3305
118
1326
5535
4275
7616
467
8859
4046
1700
4259
3838
9944
4107
2924
4386
6723
2835
1452
8774
4964
5897
4158
3871
5659
9580
3367
3213
5192
1392
5292
3872
7580
1489
2615
9818
5886
4456
6009
5510
5999
5234
8769
4634
6656
6591
4638
4057
6306
5337
6034
8204
1150
9590
6343
7922
8342
447
9015
9046
5291
7602
5862
9200
4145
5029
4738
1886
8992
3516
3263
3619
4253
3836
9388
3169
8120
1985
5498
4820
8103
1789
1278
7487
5026
162
5892
5883
1296
4946
246
4668
7011
1061
9422
2871
1424
6427
7129
5473
3346
338
6556
7322
3518
9418
5803
2410
857
615
3335
1370
6841
1287
7016
4246
6378
7525
6796
6737
227
2013
6303
8858
6056
5617
6011
6349
4289
3723
8321
3165
5994
1971
6777
449
8796
1780
4039
8637
4220
5386
4239
8099
306
815
6025
4953
2285
4791
1304
3628
5590
6775
8296
8165
5426
9389
7766
6955
6827
76
4261
7018
6817
3127
302
8226
5997
3073
295
8675
3159
9634
5319
1863
1657
2477
185
1088
963
4879
8223
4933
4288
6714
4745
6919
2025
9235
2311
2776
2344
6536
8299
3470
1296
1094
66
1109
251
6106
948
2659
5460
967
249
3679
8806
728
1551
212
5156
1142
9082
4883
2443
8892
7116
1063
1749
7977
8293
7757
6128
3733
8427
1203
7742
9128
4493
3712
8669
503
4245
4037
8970
5729
5421
5954
8881
5145
4052
3196
8745
1204
1969
8478
5390
8262
438
4318
7166
2712
8152
1073
1609
188
7278
7745
66
6452
8569
7581
2043
3776
307
6802
9904
6231
1019
6329
8227
424
1791
1457
136
1425
3227
3806
4913
432
5457
946
8141
9271
9817
524
2508
9541
4892
8398
2246
6563
2763
8419
3149
8557
2198
8257
4544
1826
1018
6603
4098
1917
7977
4186
8874
9669
2992
6956
2012
2289
2021
5757
136
2224
544
4678
689
7784
8716
4548
3857
8926
1342
4395
3979
5365
4853
6250
4769
2298
418
2736
1271
9024
1530
2191
7335
2535
9657
8175
1367
2451
5690
2407
5912
7641
308
2424
8304
6029
839
8122
4539
4506
9592
7836
205
1538
617
1941
5291
7239
9708
3152
8202
1800
3241
1288
7960
2592
5406
1872
7946
5276
5591
2326
2134
7564
2878
6185
114
507
7988
1593
2300
5778
1057
766
2251
5066
2009
7035
886
9441
3168
3204
2564
2655
3006
606
6019
6680
7910
2150
4861
6853
3796
260
7224
8303
8582
1473
6701
5339
4300
3512
5212
1181
8610
6601
1453
9062
5118
9315
7466
431
8869
9635
1243
4651
9203
2584
5154
3143
1402
41
7208
86
9786
1497
6280
2139
7698
9033
4027
4229
1319
207
6947
658
5075
3990
1132
6221
4511
7110
5471
6010
372
8885
345
7669
3773
2974
9067
757
1137
3505
6532
7462
4913
4635
3388
5623
9837
6536
34
8769
2460
1318
4009
2890
9835
2972
9358
7129
6629
9291
3709
714
564
9859
9652
9476
4375
8073
4296
874
5092
199
3591
7663
7936
1588
9310
5741
93
8582
4652
2903
8547
2566
2966
829
531
515
2348
256
2551
5274
6588
2279
2286
2852
934
2962
535
4719
2976
2509
6107
9170
3899
6183
2256
4812
9333
2051
2891
1164
4256
8462
7813
4678
8754
627
1362
6052
1071
3659
766
3323
5812
1017
7705
7856
7942
8901
3653
5835
75
1719
4205
1930
1110
6407
1448
73
7113
1778
5374
5505
1669
9632
5898
9998
6374
2707
2017
406
2941
514
1634
6711
1454
2135
7246
9024
8107
4886
842
4882
624
528
8738
4152
866
4071
961
6453
3601
1954
8479
4221
8933
2947
313
3111
6424
695
5975
6865
4592
4653
8458
4789
3648
3419
2357
202
5311
9165
5549
8638
793
2464
4548
1203
3557
30
3650
807
887
43
4165
2393
7303
5600
5979
7448
2338
789
2205
110
9102
3956
3647
221
8132
3083
2741
2169
5417
5106
1400
8886
1277
2558
5800
2611
7721
262
7012
6072
1122
7780
5417
6492
19
7134
5224
6985
7610
4086
1771
4516
8769
2494
2552
3448
6240
3616
7430
5394
6273
5661
9424
1795
3908
9044
9385
369
9413
1397
8719
5727
6522
1175
3474
5454
8465
9447
5015
6243
6874
1490
2920
4155
7872
8388
9630
989
6606
6242
2642
4511
6639
1669
2527
5772
7815
9960
3213
7860
8368
1348
2778
6564
439
6666
6137
9607
4313
9553
6960
5821
2056
7104
8764
28
4371
3182
9512
2676
8996
920
2222
8311
7259
1859
3789
5305
7724
3779
1756
8164
772
4219
1678
5919
754
7734
6694
4512
2915
9589
2844
4095
686
2074
9601
4525
5442
772
1471
582
7708
9116
4437
8051
861
1775
8162
5426
3964
477
511
8521
328
6466
7010
7209
6481
1059
4992
4352
3303
2347
9091
2754
355
7974
7820
2505
245
4638
9419
3930
5405
1028
9645
1913
8318
385
773
16
9695
7070
4926
1404
6116
4129
5007
8857
3933
360
3600
5775
2030
1899
1228
6797
4254
6189
8536
8517
1620
8915
7443
1416
3119
5593
6462
2243
788
6241
1390
2426
8142
1005
8080
7908
4736
3903
9308
903
559
5327
4413
9590
3790
4045
496
4536
3945
8535
6187
2971
4391
93
1504
3352
3642
3251
1761
1081
3112
3015
1654
392
8127
1235
7469
8826
2004
7605
962
5628
5565
1614
4816
9068
800
3096
7238
2060
8283
1099
7933
9810
2598
2546
2201
5059
6438
3177
6206
4626
6579
9498
6149
9427
1307
984
5455
4645
4648
3867
8425
6927
2064
1918
8752
8874
1725
9557
1975
4303
1724
1475
7495
3299
1193
7467
311
7936
2731
6053
1484
1542
1691
9603
8562
2818
7707
9444
7115
13
4149
1977
9256
3704
6001
4903
118
598
8907
748
7098
1212
8788
453
6849
8468
5416
6703
1249
3928
2113
5757
7540
9117
8170
9594
2758
2701
1878
7311
8556
2042
1201
9111
3959
8176
7847
5200
442
1066
9444
7413
5176
8808
5131
8634
1762
8975
8652
9992
7840
8290
9776
3210
8109
2639
4950
3623
7240
8989
9507
1248
2440
6469
7413
2028
7679
1406
1977
7251
2899
2958
1342
4344
3417
6429
938
4282
722
940
6267
3884
2011
9590
976
8068
5184
6021
7417
961
5153
7673
3580
4961
4151
1493
1914
9841
7432
3930
7297
3158
1065
4184
7363
2524
3668
3954
4759
5469
4315
4641
5614
2820
1403
4172
6569
5955
7316
5639
2938
3233
9816
5289
8216
2584
8402
2242
4742
2318
409
3437
3846
2066
165
9586
9482
4218
5186
1807
747
3467
8611
7288
7726
9128
2760
4461
244
6766
3010
2027
5328
7184
6422
6150
2063
5294
8161
773
691
8811
5675
9854
1728
1855
5823
5395
587
650
1866
6493
351
3819
706
5785
81
4720
233
6192
8519
3598
5634
9883
4853
4676
4803
3414
2136
3003
1883
8837
999
2096
5238
3653
1111
1909
8079
308
1085
4324
2245
2291
6153
806
5953
3962
449
9396
2615
109
747
3820
8507
1902
992
2693
7734
788
1053
8822
4585
9578
588
6228
209
9690
3299
4811
6299
9948
5066
6704
2266
6793
2499
1908
9031
7045
9205
8075
1641
1341
1881
9070
1509
3869
2441
7805
7095
9749
1493
5673
5074
5837
9129
1457
1876
9526
6892
7419
8110
1331
3065
534
8050
3672
403
1645
4574
8257
4245
8030
2616
4487
6936
8652
10
2335
9880
2770
4944
7859
8969
6906
2111
149
9973
7613
3400
9104
6090
8091
7694
9473
7602
9213
4821
4375
8179
6041
6539
6679
2680
1653
2091
2995
6527
1680
8703
9708
7669
1630
2438
5989
1823
146
9319
9210
8458
2417
8117
9377
7925
8388
9187
8015
413
1262
7978
6430
4201
1551
4376
3854
8072
6456
7419
858
9640
3232
7775
860
6616
4615
9220
5555
9536
1753
275
6644
9135
405
1234
4607
2261
9678
8823
7524
6915
3089
7561
5142
5215
4440
6861
3790
7660
5071
4432
8147
7018
9893
8432
360
2282
1542
5728
8518
580
2358
2347
8540
236
9536
5368
7908
1794
992
8319
8265
4506
5150
8252
9126
796
1404
2721
6352
6204
5249
5297
9942
3308
4215
138
6935
6673
1810
882
149
2868
3027
6694
2377
1977
124
3311
4632
7589
1172
422
196
2571
4092
2136
310
3352
8947
7245
6634
2144
9864
2358
7403
3224
3022
4454
3474
5478
8245
2707
9033
8838
1862
2733
5332
1022
4831
6958
8978
772
2256
6129
207
8639
6149
8712
6702
8123
1237
6745
6663
368
4138
5369
5003
1541
9106
124
5327
9138
3253
6635
7064
3763
168
3671
8740
6020
4210
8381
2922
2537
7789
5771
3810
7756
9903
9346
1319
3181
2249
8556
2620
4981
8416
8719
525
1403
6762
2451
2008
4539
9899
5505
3916
8516
1825
973
6401
9297
1165
7061
7288
2442
2819
5162
1747
8652
4595
5582
488
2198
1929
1038
4851
2069
929
1443
6762
8786
9024
532
2725
5019
5295
6798
5341
9568
2841
7126
3507
5166
951
1582
7908
2881
3898
8374
4460
4805
6281
3605
6618
1678
6187
809
1699
6937
9495
9979
8121
9731
7658
4486
8076
3128
9977
2633
7633
686
1799
5643
7715
7155
9482
3471
3927
9077
8009
3272
1013
7841
4440
1471
5428
957
744
1042
132
3034
9816
5407
4018
5876
1473
7154
6663
3404
6832
5307
402
6776
485
1059
840
9705
2252
6129
569
6317
1945
1512
2932
9670
8138
2947
7646
9435
8983
7636
1279
6862
2717
3448
7181
4462
6940
703
173
4061
3870
8987
1031
2805
7721
1704
4394
7542
5414
363
6368
8259
8466
3005
1443
7582
1557
5370
80
7649
4098
3044
7035
303
4142
2766
9187
25
7573
5558
1063
2533
1449
5250
8521
3805
2764
4159
1282
772
1936
7158
2102
8622
9068
5920
3625
1920
4002
1787
5619
661
9711
3517
9616
5523
2387
1128
1083
5470
8386
3167
412
5467
7818
312
1343
407
9142
3266
9639
2553
5441
1065
2930
9494
3983
4984
95
5636
9897
4351
2158
7441
9256
8021
2007
68
8100
943
1069
9299
364
6001
1764
1495
809
564
5121
1613
1886
425
8993
1423
1907
7885
6253
7491
7715
414
4556
4738
6018
8157
6441
1483
3827
2084
8583
1768
2584
7562
9586
7314
3227
7557
7288
2929
1677
1503
2183
3718
9230
5291
5801
7901
2428
9754
1086
365
7967
6217
5944
6146
9796
174
2989
1885
7096
9491
7880
2137
2264
5442
7617
913
8199
9586
4382
1297
1264
8800
9242
8619
9212
8545
8982
7259
453
6215
8685
1468
9484
194
7356
3228
5481
9242
9633
6109
3169
7818
898
6366
380
1982
7762
7098
8007
401
7377
4575
9992
5536
8017
1042
305
9123
1616
8448
86
1453
1922
5912
210
2865
8814
4104
7975
7144
4749
6149
420
5664
8334
7167
828
919
7630
5700
1349
3801
4758
8259
8942
9430
6309
1316
5253
2520
8175
4102
2247
2595
8678
2713
9593
6845
40
574
4535
304
5562
2364
3195
9886
6740
932
2624
1701
908
6614
8423
7379
1943
5989
7082
75
9693
7065
2767
2488
1132
4372
1280
5874
144
952
1352
1935
4914
6422
4768
9787
1534
3482
108
5595
666
501
7135
5647
6292
8106
8166
6982
4043
3390
196
6
2593
7050
8601
8268
4350
3090
8344
4929
6360
2539
2409
2798
7011
9113
1708
8529
980
2758
5744
0
8826
698
851
8717
4094
8503
3786
5019
330
5300
4723
865
7209
93
1705
1196
8622
537
2488
809
9607
4988
3954
6819
6835
8093
9665
2410
5521
1818
6190
7493
4091
2795
5378
4281
2403
1733
1691
2154
2541
5776
9456
4465
6286
619
9768
5327
1667
1743
648
9202
1012
5873
5916
5173
6282
2027
9145
1948
1791
5117
3504
1793
1797
7280
4677
344
9850
1788
2560
1770
1035
5323
5539
32
8647
349
7518
8510
901
2653
9344
435
2247
1140
1423
4525
5249
3260
234
6770
8037
9943
9548
4876
5905
6626
3363
2325
1148
8260
3042
4884
4172
3659
2004
8662
892
9370
115
6848
668
3963
216
5012
8297
4027
6179
3635
2255
8886
8140
2210
4748
6417
1083
2511
1142
1447
5638
3046
8784
6341
1289
6927
8937
9722
3003
8858
1237
3369
9758
238
6705
50
2791
5310
4689
3376
3551
1214
5516
9683
3193
2708
4026
257
7445
8722
2557
5416
820
7203
1326
1288
6957
5428
9241
8895
7808
3765
7371
5332
4617
9600
2747
40
1718
1113
7495
6394
3948
9766
177
5642
840
114
2986
7248
1170
8556
8732
4814
6118
6901
5118
3955
8438
634
4228
5777
5274
3935
8598
3842
4362
4109
5618
1206
1229
9612
6100
7584
979
8357
1076
8739
1648
6449
4817
1542
9065
8086
4109
8975
8324
4420
8121
8031
91
4890
1667
6954
4914
95
9228
5851
7402
9502
5679
1109
676
9872
8735
7052
8057
1536
4448
4629
8538
76
3257
7356
8372
1640
5592
5381
2118
1143
7766
7269
550
7724
4557
2689
5824
9309
5191
5607
880
4234
6377
8220
2835
1133
3104
501
6265
4882
1754
954
9550
7832
5353
8968
6137
2873
7011
3494
7300
5863
333
3787
9949
759
1754
9694
7756
4354
4654
2957
3446
3321
3624
7458
7297
42
1295
931
6490
7761
3084
1801
612
2896
8697
1796
5377
929
3592
1996
8789
315
8183
2539
8857
8340
2882
2201
7278
4342
1866
3352
5250
2805
5797
1265
8776
9583
405
9710
2819
7797
3757
7706
3
8618
4194
1318
5076
441
5790
6014
1090
5340
5915
1307
4882
1370
3422
5354
4381
4096
9922
9533
9646
9748
9894
2992
7102
8453
841
1038
845
6407
486
3957
8356
222
8827
3080
1257
5369
8222
2660
2131
6417
9745
7941
7135
1778
4085
3513
8642
313
1390
2613
4256
3934
2614
7975
7228
9988
6324
4715
7664
495
2446
6754
6960
3109
1820
993
5914
696
2431
5494
6656
1971
898
5887
7930
9747
6976
3022
4757
8792
7686
9304
5441
12
3114
5230
1994
9395
1117
606
6340
3524
4669
9818
3916
87
4013
1800
7005
4127
4121
4524
7297
6762
2213
4195
1081
6486
3893
6673
2542
3814
6307
3614
3832
2582
1948
8525
6591
9291
8332
1405
4209
9982
5723
2243
755
5835
4023
9543
9531
5461
1460
8974
1805
4029
3234
4744
7445
4226
3567
3707
4165
5995
2524
7920
495
2803
3827
8076
8565
9700
3321
2641
4574
9847
33
6182
8588
9674
3778
2165
1692
4451
6777
52
286
580
3426
2246
5542
8992
4419
2578
2449
8894
2153
4660
3532
91
1464
547
578
5284
7517
979
5012
6885
8950
1931
3646
1099
5748
9370
3192
7409
2095
2646
730
6169
1723
1477
3699
2296
6267
3727
2572
2407
4323
1876
7016
7656
8961
9050
3183
8118
8431
4841
3531
1424
9058
4539
4514
4247
1255
4766
8006
4438
831
860
6250
5185
5912
5581
3446
2209
1390
1275
6524
2144
1473
438
6523
4191
1817
4217
2052
2144
1351
6557
715
3745
8334
9964
432
662
1090
9257
3311
1130
1632
3550
9541
6663
1550
7766
581
5060
8996
4092
2490
8350
2123
6820
9133
4955
757
4824
9672
7019
4878
5749
4812
6223
1681
8920
224
991
429
6579
556
4102
1770
7717
1189
9809
7511
6840
4105
8200
9686
9196
8237
7612
9802
2020
5125
3458
3439
1632
4725
3198
923
7643
1109
3955
931
1334
602
1594
2225
1604
7154
6530
6517
7879
9664
167
8746
7211
58
6
9291
3890
3887
4991
1349
3712
1820
4236
8910
151
2705
2386
9174
294
3632
5829
381
813
7861
704
2741
965
4796
7077
4234
2237
255
1762
7983
7816
3216
9877
5035
3621
214
4658
2452
4095
2507
5618
8682
4039
4229
2622
8167
4590
2371
1756
8486
183
1723
5657
3250
7964
8369
8200
4048
8208
1674
4954
1263
1493
1554
8238
1070
1359
7579
8187
3808
969
1976
1420
8428
1702
7801
9355
4215
7019
1591
2673
5094
4251
8722
2268
6638
4898
9800
611
6479
2422
9449
278
7937
1147
89
6537
6781
8215
1462
1794
9423
7734
987
2017
3515
5230
7044
5440
6941
4132
1523
539
5285
4273
3283
9922
3571
736
4218
8812
3440
5193
9764
143
669
6979
2573
7245
7407
5589
5231
1872
9388
5086
1806
3274
6239
4229
2400
1142
9282
851
3905
1107
8300
721
4949
6482
793
6204
1023
5566
7610
7120
1154
2668
7132
3091
3190
1091
3421
3025
4606
3917
1564
4857
8199
7614
3057
6453
499
1365
4717
2159
1975
2849
306
7747
8386
3381
54
8704
8351
7423
4757
1411
44
2310
6613
8117
8700
8130
2222
7587
7658
3600
7129
8943
5440
2950
119
4405
7558
5652
38
3105
2174
3564
4400
4255
7840
7763
1956
4626
306
9192
5881
4329
6906
8164
6176
6288
9063
8371
9834
4483
3116
4002
3338
9304
1999
3753
7740
7037
9377
8188
9813
9871
750
9308
605
8365
8216
5875
2107
4268
8031
9472
8911
3052
1172
5039
3430
203
5742
8381
281
3673
2061
75
2455
9036
7852
2752
1461
2517
2412
3332
227
5938
7151
1626
1409
6341
6770
6910
497
757
5871
5120
5934
1203
9090
6847
2062
2528
6170
8521
8980
7101
5154
9713
8361
5763
17
931
2684
2693
8239
85
9703
386
9561
4158
7924
7503
5878
6395
6592
1749
9674
6783
8735
4390
9259
4907
3536
5990
2051
1870
1042
7624
3718
4383
7175
5478
5941
297
808
6933
8017
2086
5514
7896
4899
3263
3727
6547
268
5571
5935
8803
4024
598
3257
205
937
5179
5397
1685
1057
838
2972
7312
4192
4027
3866
2539
4575
2187
3858
5517
6331
7616
5474
3210
9894
6326
9321
2922
8091
4781
2919
777
7777
2028
7908
7152
5730
1033
5731
3541
5132
550
9272
2990
2599
7694
1176
300
1912
656
2320
709
1813
2362
7945
6674
6170
7291
2138
5290
8780
1778
4175
2126
2988
9258
2488
5720
367
3242
5941
5550
2187
8232
3072
5163
2852
4607
699
4319
1608
785
3613
1221
3751
2190
1831
1462
7927
2820
1003
1533
5191
7257
2415
138
8755
7032
9262
5611
3927
4457
7968
7304
8872
1060
4428
3549
6751
3094
6267
6382
9895
4213
6542
4982
9321
4833
4882
816
9797
6140
2739
441
2532
5483
9199
4934
4604
5581
1885
2978
3380
4732
7070
3995
6105
5537
5858
4318
144
4429
3326
2175
668
8069
5149
1902
2514
9901
2628
9110
683
4265
2794
5560
3899
3664
5560
2232
9872
4466
3709
5958
812
4299
9046
879
774
888
4044
8389
7838
4522
5102
7452
7632
505
4865
38
5211
9946
8372
5250
995
6932
9081
9649
1971
9183
4145
585
4327
5966
551
6365
5128
5263
3008
6044
1273
129
2593
4825
8691
1157
8130
3564
4924
3464
818
503
9948
9391
9803
6507
7107
436
3671
1915
4549
5761
5379
1377
4776
6154
6850
769
1424
4368
1381
5947
4729
5603
2042
212
2213
2295
6723
9159
3717
2682
5065
9783
541
2837
1312
5753
6900
9330
2796
784
89
61
8532
8825
1229
4893
6742
3880
1612
8533
7132
7106
7005
9606
9854
349
4733
536
6808
4021
3926
6616
6589
9120
2534
3988
4443
5924
4221
1957
689
8359
3863
620
2350
7207
732
7536
6828
700
5492
3783
6542
8875
8238
8227
5957
9180
8770
3119
6553
7998
1430
282
4070
8969
9983
9491
2981
2788
7192
7686
4668
1496
4567
6149
2729
4709
3534
5995
5099
7139
5215
1853
9201
3436
8996
1346
1672
8169
894
4692
2974
3770
3612
6951
7580
6233
3135
7866
6788
4945
2667
1372
56
6267
4945
7233
7803
1273
1386
7669
9243
8327
822
3584
9711
8575
2423
7098
2477
2460
8327
4545
3632
6849
6593
3688
6888
4266
1823
2274
6274
2131
6240
4432
3562
9656
1164
1864
9022
7981
314
6519
3877
1375
4705
7223
7055
7674
6558
4644
1855
1949
3415
2139
6630
1115
765
8581
4226
1171
999
8819
5159
3074
5004
9306
1596
3399
1745
5441
1145
3208
6773
1992
7776
7075
7144
8427
9690
1415
4787
9703
1907
212
852
3277
617
4976
2488
7973
448
3196
7967
9940
474
5942
2026
3921
261
8448
7560
8004
5013
9233
7026
97
2180
971
5235
1956
455
8845
5388
716
4435
7273
7687
2237
3087
7976
4090
9232
1644
9645
3454
1022
7027
3432
4641
2766
4285
6668
4601
1467
9241
7330
7770
9561
2489
9519
9497
1049
1662
1844
9218
9915
8166
2372
8855
2403
9315
2492
4938
751
5293
2430
2238
2088
5706
1070
3384
8584
6397
4673
6747
3451
2989
2674
5509
1209
8264
1159
2804
5282
8
2356
7565
555
8756
2270
7182
9032
2346
8194
370
7482
5804
983
9749
7803
712
9985
8601
5144
7948
8296
232
687
1498
3273
4410
5816
4296
6315
7610
1641
4428
7924
3220
2452
1558
6333
2306
3092
9614
5892
4456
7096
47
6720
3772
7471
4020
4138
1066
5
9987
7050
9174
4541
3319
4431
1219
3487
6770
9091
9796
1747
5474
1695
3249
5375
547
6987
7292
1886
8022
6456
2773
1058
6288
6433
2747
571
3686
3087
3059
8984
6024
5197
1742
3789
2012
2588
342
2582
1564
40
2057
2939
5938
9642
682
8420
467
4798
2020
5663
3322
824
2400
4623
5255
9971
6393
8456
8311
9226
1134
6153
8197
7915
7832
152
2753
8712
5996
6948
5953
7232
4979
3351
7461
5038
7288
8938
4687
5088
4258
9310
1810
1066
3619
1304
1835
5324
6160
2653
9806
5010
5042
2143
1106
2362
5851
8918
8495
7675
2829
2530
2438
6884
4264
2367
2226
5059
6339
8074
3502
2391
9661
9588
5863
3784
6516
2869
7844
2469
2006
1027
7859
1262
1574
3074
3509
7684
7633
8318
9965
6110
2529
2455
4917
9965
737
172
2961
8641
2611
9692
4136
9389
703
3432
97
9481
8844
413
2026
599
2852
2689
8239
6104
723
1627
6632
6704
128
6760
3971
7319
5520
4716
6981
3889
342
5430
8475
8625
6847
9751
9046
1817
3278
2419
3510
421
8163
521
2822
5353
1666
320
2792
6023
3985
1506
3090
1462
9873
8990
6170
3599
8193
7256
1918
2522
8607
5908
5351
5145
1297
6931
3775
787
5635
2765
7344
4
5233
8032
2831
4354
2072
6775
5609
339
7128
6367
5196
445
1292
9926
1689
3919
5677
4580
4409
4478
1716
6783
3486
3938
6943
937
7403
7699
2838
8093
1686
1694
2318
1578
7117
1676
7277
9551
2391
1204
9119
7496
4957
9663
3929
4664
7272
4541
140
2216
1596
2055
8204
638
1622
3573
6274
801
2098
2097
8910
6668
4401
7323
5953
817
9368
5070
1146
3552
6620
3602
431
600
3005
3267
2447
7405
7440
1795
9718
6715
4786
3996
8960
4698
7977
8216
513
8274
2493
5509
6389
6929
9432
6019
5875
1963
5737
9807
9895
1089
5087
8117
273
9013
740
7393
1096
2524
24
375
8514
117
2208
1029
5528
3594
2382
9333
9622
6133
5683
1447
6769
9189
8499
2510
6092
8416
2072
2073
2092
9115
2361
2629
4891
487
2651
162
7546
1806
6168
579
2138
1024
9024
330
1804
3831
5214
6755
5063
945
7389
9871
8363
8399
2170
9892
3812
8441
5611
2803
4193
6453
1856
6155
965
4872
8457
604
6286
3371
7561
7230
468
6289
89
3827
8500
4857
7392
5914
4270
3071
3026
4421
7371
9688
3254
3021
3283
254
6060
3845
2238
2104
7534
5005
2217
269
2039
2504
2460
3818
1970
9056
9353
6563
9956
1592
5287
2455
380
9537
1713
5591
474
3489
9577
55
6174
3426
7488
4166
4514
1799
5690
2475
3899
6628
29
3041
2507
3326
8027
8852
9403
9313
3377
3516
1800
5681
3119
8121
7259
8722
5064
912
1773
1916
1420
3909
362
7161
2613
3209
4534
6945
830
8615
5997
3001
3899
3337
2063
8055
5604
1584
4252
2393
8628
4308
1261
2902
6370
2457
7812
4628
733
9698
7588
988
1693
5834
6867
5884
4648
1441
6606
4315
4594
675
2190
4466
5449
2336
8139
9817
5696
6999
8686
7216
9929
2660
3675
3743
1769
6236
8975
6783
2167
8103
2118
1211
7076
9517
8976
6849
7250
9475
2612
9854
734
7288
9686
6969
6112
2236
629
958
5621
5793
9880
6606
842
7780
5771
2372
8395
2109
9924
2011
3245
1604
9883
7839
1065
6055
3289
146
6650
3418
9664
4256
3658
654
7931
980
6055
725
2519
1340
588
4997
9395
683
9197
8203
3972
478
3218
5666
5916
2737
7656
1172
6172
1506
7812
9487
8023
8693
6746
3164
6265
4666
5661
8684
2455
877
1416
4820
329
1741
3692
1819
1030
2399
8795
7954
4398
659
5556
8835
5518
6983
9520
1564
7664
3130
3821
190
865
5476
1240
6865
615
4677
3088
1163
2098
8331
9833
7025
3665
2151
383
876
7433
7538
2171
9312
7330
268
9850
3721
5075
5606
7228
5799
5199
81
6251
8716
3887
1846
4269
6466
5074
7095
8475
2514
9010
614
451
867
7369
1780
5691
5888
9028
252
3367
8350
9975
338
8428
5372
9777
9526
7910
7915
4849
638
9079
3024
8633
1987
9777
4935
1699
3946
8406
1802
3121
7829
8382
6435
3208
6283
5305
6286
9552
4758
5157
7699
9237
1115
434
2403
9826
8032
196
8512
1311
7833
1401
5714
1032
147
2140
6263
5009
6468
5657
1035
438
2914
242
6536
4343
6068
2801
7839
8820
870
1822
9944
8949
2065
1204
6375
1502
474
1455
911
8977
3914
2969
4027
9252
6174
6
9931
5380
2351
7052
1324
7514
1636
6918
539
9165
2455
5803
2027
1656
5702
6378
6997
4334
1867
7353
6255
4395
9038
2255
4992
4701
7577
5887
2611
307
5516
758
1978
8420
8498
70
3957
4212
8131
9732
6067
4690
8748
8126
6665
8965
268
577
9025
5848
8417
4458
2884
5875
1506
5740
1658
9501
3966
1842
3521
1759
3685
3285
2237
3898
3796
4544
4863
940
1063
7042
4537
3167
235
403
2513
4962
7346
4907
7220
8108
3290
9375
7277
2158
8496
5486
7302
5784
2977
5947
7918
1711
1793
2443
491
1277
8047
5426
1842
1418
3001
3177
2853
1002
348
8387
2204
7175
847
4127
1031
2657
2816
5152
9555
4466
6223
6572
4875
1190
2650
130
2673
1579
1016
7360
1389
1414
5802
5556
2869
9911
1039
6737
7246
5997
2807
8483
5778
909
7514
8967
6466
5199
9770
8885
14
2873
966
2815
5586
4752
1313
4207
3763
6092
898
3132
6763
3164
8061
125
6097
3994
642
9521
9437
3952
2244
3918
682
2011
4157
1657
7789
3902
7840
1093
9125
2458
1839
9535
4435
7965
8206
3114
4572
7753
1048
3590
540
1239
2272
3911
3245
7323
107
7603
9401
2058
5276
1339
6237
713
3183
7629
7518
1095
1002
4650
6464
4382
3553
3556
1909
6486
9018
9674
8659
7915
6672
9607
2137
2815
635
2344
7282
8563
7792
3021
907
1667
2197
1441
4706
1183
2600
4893
1968
8801
6912
2010
9017
5884
3652
7670
7824
2897
6955
761
5920
2936
276
2488
1993
4765
3495
8745
1976
2457
426
2088
4282
6595
8057
1113
4690
7510
7712
9120
8473
437
6907
9054
1173
9212
8048
6172
1950
9480
6139
2205
1964
794
1034
7806
1573
2584
1482
482
9574
7061
7570
9852
2575
4819
4350
1291
500
6021
4959
253
5394
1881
9841
8477
7503
2694
4413
2095
3380
9907
9904
1119
4271
8936
4348
2644
3364
9769
3373
1114
1429
8208
6079
7328
5394
1242
6254
9103
2786
3589
8077
9741
9346
8711
2715
865
6141
5203
4323
7207
2237
3080
3572
8038
4960
9195
2288
7281
3647
5670
2696
1019
3532
577
3944
9806
5066
3232
3695
2957
7905
5933
6402
5000
737
5127
50
1920
6471
1690
2187
7548
1358
6529
6141
8620
6328
5642
6992
9036
9726
409
6660
5691
4820
6624
9223
8540
6015
9550
3051
4684
1323
9317
2103
7718
1001
560
7276
9699
1446
2116
6939
5126
5682
3014
1365
5335
2543
3965
659
1198
1624
7194
7223
1283
3332
9350
2803
3523
8155
8650
7145
1238
5912
7781
5714
5550
2592
3065
7347
2914
4194
5287
8652
685
2863
9453
6675
1312
2412
7629
3857
8559
8693
4463
27
3531
53
5066
8404
1787
6883
383
8016
1921
1951
1446
2300
4890
3454
1469
1357
9861
8018
557
2999
6472
4349
6928
5951
4799
4919
7873
4450
1879
1310
7586
9926
523
2302
8932
8114
3564
9698
5362
9690
8390
4361
3743
5294
6400
860
4913
7924
1188
5327
7822
178
6240
5381
6214
7824
9164
6457
2017
1438
6189
5339
8859
994
3770
344
8348
1317
589
6814
4525
7102
188
5469
5880
958
6713
7569
3311
9342
8198
1472
7520
1526
2477
3919
5016
4608
4591
2522
6229
8349
2491
435
4736
3750
1601
9083
9563
2997
3336
2239
2343
2708
1981
2244
2378
3926
3965
7366
7967
1589
4548
910
8941
1212
871
7250
733
598
7455
1553
6150
2615
6055
7279
1371
3466
232
8062
6600
3738
3779
1006
3609
2644
783
6294
6604
3357
5027
7827
7111
928
6246
5504
9149
699
6917
919
2157
1003
8182
1095
6267
3428
2586
343
9075
3557
999
4233
9564
4188
9863
9171
6650
9494
1499
9402
4166
6778
5509
7551
8673
4535
7188
7295
2982
9818
9313
1494
3312
1317
618
8867
7149
1116
364
9586
3393
4961
7590
1958
6333
3363
6572
1045
8418
7827
8617
2457
9521
7319
2521
627
1972
6034
6390
2963
6898
4003
8257
1029
6847
7949
963
9998
4370
1607
8101
5992
5724
2293
8813
7467
3637
4807
9321
7500
25
1425
4513
2058
4899
2635
1912
470
4329
3801
2451
1059
2360
5981
2686
3679
641
3755
5003
1488
6820
8126
6012
9874
5468
2153
1363
4400
5980
5969
568
2130
7816
4985
6683
1142
1383
7054
1034
3217
8919
9892
7397
7543
6913
4080
5808
3546
1198
6344
6409
512
2235
6727
5818
1496
649
2054
4289
3806
8409
1591
8735
621
9526
723
7742
52
2290
6664
5975
1564
4150
5579
7298
8553
8644
4996
1262
4063
7487
4234
9508
6118
590
1836
7975
449
1756
9794
8991
1372
2052
2019
3751
5845
2587
7304
2659
4845
5326
5921
8790
9230
9822
1350
8883
2094
6185
2721
5266
1381
8171
3466
2677
4764
3477
707
1675
1814
3436
8550
4757
195
5813
4891
1512
2771
8592
9838
4290
5144
7666
4881
5808
2655
5432
9678
6767
817
1480
9615
8930
3748
538
3761
4948
311
7496
3430
7614
4463
34
1786
8763
5243
4676
4521
4953
4622
4364
7119
5075
3518
8103
896
4861
377
7403
3945
2384
312
5322
2566
5943
6598
2645
8518
473
8498
2559
7387
5224
5522
2820
3879
2232
4427
6938
4212
212
2879
2583
8226
8110
4407
3203
2454
4213
6417
1855
9520
588
5275
7974
2366
425
225
2867
8656
5755
8003
7427
3868
5440
8682
7228
1187
2581
4764
5903
1171
4927
2814
1162
382
6074
2426
2848
5339
4704
5826
1837
3756
284
5043
1317
9872
3536
2109
348
8777
5188
9378
5868
1456
2399
3117
8386
3751
6810
3445
6489
9904
5475
7954
4940
2797
2304
6832
230
8168
4838
1905
9020
7683
6568
4664
7773
6002
2403
1827
2857
9928
5514
5048
4960
8799
45
1796
8348
6364
4271
9535
1394
514
2504
2852
149
3894
6952
8752
1852
691
158
7289
3076
1551
1352
2753
312
45
124
7210
3393
7909
5830
381
5097
8449
2754
3174
6100
7497
2204
5042
1089
8705
9862
8619
5485
1313
826
2259
6458
7189
2177
7328
7838
7590
4436
3639
2446
8586
6833
1580
3580
9431
5887
2616
2750
7486
9173
5036
7554
7605
2969
8309
2127
245
2901
9088
6573
9142
9854
528
9944
311
3911
1166
8529
8946
7971
3521
3765
9343
8635
4814
274
3192
5023
3633
6632
8590
6688
3421
8316
3594
4045
3392
9907
3734
1244
4651
3196
7917
6780
6912
447
5535
2648
1740
8373
6282
9230
3240
4407
7334
369
7818
8956
9871
7693
1026
7069
7273
4185
9858
5388
8815
2497
3452
9301
3372
484
3955
2067
158
539
9403
2181
1175
3340
4706
6451
3942
6141
1043
7820
405
1149
6984
337
1060
6240
3184
2168
7415
9289
2434
1001
1372
8813
1825
6797
1727
4949
6672
5129
7601
6884
3400
7141
1142
746
7815
4305
2718
680
2587
7994
310
517
8032
6522
5872
5361
4214
3342
192
5592
262
6012
281
7529
950
9428
359
471
9035
182
5662
6687
6175
6164
6643
8363
1540
5946
8154
1015
936
9467
5024
594
6633
2078
1561
4872
5626
5321
5149
957
710
3740
6542
3836
8980
9233
3037
1617
7228
7490
4509
1476
7946
7868
24
5655
7376
1235
6706
9361
5489
2854
1963
1165
555
2965
2904
9708
8036
3376
9124
1986
2169
7201
3139
816
3170
2636
9751
1693
9530
7014
5223
6826
8030
4180
924
822
3380
5270
9582
8592
4126
2084
5839
9051
3055
7607
8357
7159
2237
3323
94
4013
4055
8035
3968
1131
953
8302
7167
8273
6942
2873
6402
4507
3158
7573
4583
1872
5864
74
1670
6698
1065
3324
8660
7047
8413
8589
5593
5167
3661
7059
564
1111
2346
347
4909
5334
8865
974
3707
4902
4256
6115
7559
3101
7463
6598
1841
1708
9395
9064
7074
4024
3463
7126
6338
9447
1932
5422
1498
8493
2379
7023
4172
1624
2968
7936
3826
793
9153
5940
4469
3860
2822
4717
7423
9081
2492
7583
6370
276
2333
886
4650
6033
355
1818
2081
2053
9941
4546
6642
9785
1408
8967
4624
7096
3945
8763
2263
3835
402
4569
3539
8931
3947
6350
6704
4039
4427
168
1906
4558
1295
2814
4167
6079
5411
3505
4697
3863
2559
2098
1879
2347
99
3652
1223
3342
8790
4946
3749
2070
1371
6004
1679
5402
8261
5614
5332
1918
1325
74
554
6435
9457
7352
4607
4328
5247
7138
5826
918
2627
1141
675
762
7981
6221
3336
4916
9270
3839
2722
992
996
5469
4176
1762
4653
1270
4146
1784
4185
796
1712
7595
5482
1162
6939
4373
2816
5446
9940
7993
5080
1667
9549
1344
1989
6826
5933
5104
3714
1418
3912
9522
7319
5965
1917
3539
3034
1773
1505
3355
5879
1911
3149
8461
1827
5070
1348
9390
4014
4467
1576
3066
7575
5061
3165
8915
932
3395
6813
8699
8706
3353
189
628
5786
6571
4160
4997
4341
9739
6683
400
3921
5233
2697
5426
9204
9596
8928
443
6608
6324
9172
1151
4328
705
938
4492
6562
8241
6608
6461
1853
7782
9179
7934
2021
4143
4688
3600
533
249
3703
111
5996
9732
9325
6387
2116
2186
5529
8180
1311
5374
5698
465
2274
3842
5966
8675
9734
3147
1550
653
4556
4233
2184
4647
753
4385
5653
1084
4595
2541
3037
9264
1667
6616
991
7974
3323
2754
6214
3904
2402
363
6952
9032
445
7709
3328
4415
8713
1514
703
581
934
9160
2494
1864
2422
8010
7575
3456
7766
18
8837
2522
7900
403
5097
1091
2146
4300
2495
1272
2642
5041
7104
9772
595
4172
4552
5322
1938
4517
3195
443
7204
1485
2612
1337
1035
1809
2734
7157
7847
8541
7
6903
9071
1695
3570
2612
7857
3358
9563
6292
3894
3707
3152
949
5497
4790
3150
7354
6954
6644
6522
7016
9533
1519
8722
6098
6312
8655
7315
5667
8126
904
1899
4541
1429
8868
1169
5375
1823
5090
132
2860
5431
9502
2162
5722
4490
820
3547
1592
1480
2927
8244
276
6186
2039
1760
2603
2615
891
7564
8434
5682
1290
3545
8229
6934
3608
8256
9262
901
1583
593
9992
1165
580
6797
2596
5164
444
7685
8700
645
1711
1522
1702
5379
7212
806
5196
638
781
9794
3642
8620
9115
4266
2039
8345
917
8022
7351
5738
1854
6554
6287
5183
6709
5321
2203
599
3240
8421
9998
4216
4651
9578
1512
4655
3670
7996
5036
2325
4525
8685
978
3299
2420
8756
1770
9671
9106
2027
9763
5239
149
71
1003
3445
7127
3293
3287
3204
1248
595
1925
1066
3947
1237
1424
9815
2205
3610
1172
5957
5476
1750
4403
2640
1708
6464
1736
8487
7032
6359
9817
9332
3807
2416
2978
9320
2692
4643
9488
3643
6202
8264
506
8547
5112
3692
1895
2146
538
7144
5004
4453
9225
3795
8309
2282
7180
3287
9671
5314
4094
8242
2339
8968
929
4078
1709
8048
7571
6130
8717
835
1232
1930
9653
346
4201
5893
4885
5033
6084
7310
1356
3678
212
766
4128
9962
426
9871
8432
5312
5772
2196
3655
8891
8245
4759
9043
581
8173
115
3159
4725
9162
1315
8398
328
3350
3466
8322
4579
420
7573
9100
8600
7886
8669
9260
600
2736
5010
3227
8280
5322
1109
8830
2102
2178
3380
3646
4206
2520
3484
966
1816
9742
8121
893
4228
2472
3794
8869
7913
4816
9539
4995
4362
3310
6346
2608
1211
2326
2246
1615
1426
2081
7933
8896
2625
1616
2542
3140
6387
9182
7030
9026
4101
6886
2198
3642
727
2022
5396
232
8723
7474
9569
3690
749
2556
1004
9045
4299
4338
4341
4582
9367
3160
3988
1925
5507
1304
9595
9198
9229
1735
1609
2963
4595
9738
3681
8268
7608
4072
9626
9313
3416
754
472
4953
4952
5008
1611
484
6161
3614
502
4390
5823
4519
5123
9188
9589
1217
5573
1380
2244
8138
8141
5440
107
8832
3618
4284
2832
5703
5131
4521
4960
2246
4270
5368
6036
3363
6575
9267
1349
9153
6385
2264
225
9895
1088
3463
9198
8259
722
4366
2351
8591
3147
6787
5701
8866
7808
786
8999
1770
1695
5768
117
2632
4973
4943
3241
860
3295
7546
8207
4116
6862
708
8342
799
8932
9028
2455
3495
4508
5188
5574
9374
8745
9906
232
9767
197
1990
580
1513
9166
8933
8364
3360
4732
3270
7678
9588
3077
7907
3333
9662
1556
1186
8886
3128
5768
8900
1272
452
8377
1533
883
80
7121
8134
812
88
5016
5536
7760
6412
224
1402
5744
36
5986
596
3403
3874
4521
9972
4354
2807
8237
3673
5208
2248
2611
4831
5816
1282
4691
674
1884
5308
6057
6311
5579
3612
7409
3111
4290
4028
381
2061
9318
6894
2089
1218
809
4126
9057
6566
2684
3031
2193
7106
2532
5145
5004
76
4512
3370
561
2235
4057
4042
6171
3548
6458
8283
1736
4292
2403
2464
749
8535
1641
6165
8376
2856
6000
9600
9254
4785
7995
6743
2390
7238
9027
3810
4093
3861
2343
8258
6779
6496
3059
7506
910
2159
6404
6205
7109
6543
666
3137
5272
4416
4591
1474
6631
8350
1415
9025
9440
461
3753
4510
4245
7707
1965
6316
9389
2448
7014
1653
8889
6089
1954
3005
9322
1494
1087
9179
785
9680
7824
773
727
7567
5536
6140
7854
123
5207
2744
615
8162
8907
2133
694
1737
6025
4046
2163
2534
8324
1720
3347
8765
141
8387
518
1338
1043
5932
4770
5871
29
646
6720
4590
102
7643
9493
8489
1863
4414
2772
1191
8972
1266
49
8746
3296
6160
3129
5087
8794
789
1361
1862
8268
4810
9212
8515
3993
2120
289
5171
2536
1340
8460
819
6006
5927
980
6110
1584
9929
5341
4357
7713
1567
911
6660
6041
667
1990
5347
4735
8115
7819
8906
7784
9516
2947
8584
6985
3096
2247
2758
3545
1981
1220
3095
8154
9561
963
3539
906
9571
6748
3972
9925
8548
22
2368
2861
7813
9586
8985
716
2650
9593
4706
5849
1984
2099
5843
8090
8371
298
6158
5897
2243
8638
4226
778
5112
9002
912
6540
3092
6551
2316
4190
8487
4416
2342
8067
9465
9589
5946
7865
275
4
261
1495
3311
5412
554
8101
4385
7780
788
7072
646
4420
8524
6366
5005
2178
1788
5374
7394
4376
3173
4580
754
2035
2638
2308
8028
5735
7679
2797
8261
1586
621
1161
2367
6158
7254
9905
7275
11
1647
9189
3484
5101
4572
8429
9662
1249
6545
6170
6087
981
1830
8960
2717
4505
2736
1944
920
7361
4366
5921
9113
3324
7024
8695
1338
8746
1983
1879
7336
3225
1625
1777
7599
2816
1388
4271
901
3424
677
9557
7162
6120
4009
8986
5902
3737
8931
2438
7172
2169
2159
5900
9493
8955
4759
7050
2952
7646
3981
7886
7328
1173
1496
1772
3143
9767
7794
9453
4698
664
7569
9114
852
8984
772
4569
5999
9786
945
6663
3592
9624
4252
5191
7459
357
9770
2122
8784
163
6759
3887
8636
4054
8853
749
6346
6521
3047
559
9491
8607
5725
287
1772
525
8080
3878
5623
230
2544
2130
7533
3095
4267
4505
9067
9700
3121
4446
9882
9202
2566
1330
7875
5750
1944
2156
1218
3710
674
2428
650
2111
6001
8700
4010
63
1700
8872
2623
788
921
9296
2426
6012
101
1115
1763
7294
5460
9198
1678
7729
2387
9918
5821
2124
1369
5154
5078
7566
8477
9229
471
8015
4372
9082
503
9750
602
5304
702
4700
2851
7720
2247
4640
3922
7781
4389
5437
8090
6196
7381
7082
5939
380
7411
8256
8384
8007
5791
4385
4686
5081
5408
1302
1935
6337
4729
4570
792
4413
1564
8886
5768
1603
8749
8076
1098
5518
6552
8408
1900
5430
742
8659
9985
2771
2811
5674
5524
850
67
6063
1807
6201
1615
14
4906
2776
6250
5107
5943
1232
2770
9482
3918
5321
2531
8247
8501
7439
3717
4167
8434
8764
8825
6694
1716
9868
815
2354
4287
9532
6861
7328
1078
8756
2171
334
4621
5351
9634
2009
2303
1817
9878
1840
2206
657
7505
5448
1738
3839
1043
2658
8820
8239
2007
3786
9827
8238
9911
3792
2983
1772
6738
8508
8011
8243
4317
7662
2000
2888
8296
8756
6552
3247
9842
7760
5120
1267
9824
41
690
7111
6154
7505
9306
4998
1206
7062
7287
2706
8282
861
7812
4395
5276
9996
1320
8414
524
2150
1387
7152
3428
9965
2410
859
9310
1026
572
5449
7255
2449
5670
5134
5299
7084
1259
363
657
7556
3032
1887
1040
4719
4560
2705
4130
550
1220
1276
9120
4862
3941
1786
9534
4778
6796
3780
6321
1871
7754
4440
5342
1464
9563
6813
9956
3451
6705
5827
7901
827
7502
2654
7457
4671
2434
1109
5500
3459
2198
2630
6433
8846
1479
2300
4431
7940
903
2163
4147
9741
4817
8587
5709
1478
2924
2075
2999
646
1714
1992
8260
803
9873
1207
6502
310
4689
5887
7667
5916
9175
2067
184
6366
5401
2686
9246
2564
1891
7183
220
7766
3962
5640
7757
8643
3344
4641
9764
6389
3015
6866
3133
7012
5288
929
4070
6602
774
9033
1150
2407
6879
4668
5020
6135
4995
7737
115
9056
1192
5505
3365
3824
813
3527
1429
8551
4382
9255
4210
384
2455
8633
4465
3510
8701
69
217
6037
4185
8872
3621
254
3238
6536
5285
8847
4669
725
7559
6194
6206
5889
405
5013
5042
2049
8286
5786
3871
3380
1065
8784
7004
1811
278
5489
2726
6826
232
4781
1842
6679
9457
5144
7683
336
2252
8879
1182
1257
4337
49
3068
4278
9556
9339
9745
2878
2127
8836
75
6577
5377
9723
5980
2171
6375
973
9788
3193
2490
3756
7480
8363
7417
60
8383
1451
1352
9824
9183
1886
9289
5060
2188
1480
3194
6796
369
6165
5600
3485
3834
1125
5731
5018
1056
3511
9097
8051
5510
489
8903
4793
5493
8943
1269
9124
5011
4594
4946
7256
2905
7035
9032
1269
7172
8257
3392
2127
4715
5631
9129
1118
3651
8633
6566
1238
7328
880
870
409
7022
7219
7240
1707
2623
1913
8093
983
8741
2733
624
3201
4465
1305
1796
3243
1437
9158
4686
8219
1240
7939
3683
8717
7840
660
4786
5861
6708
5661
197
7336
186
1215
7732
7532
735
1569
1050
2653
3949
4323
4604
6129
1106
5632
8056
9454
6063
5298
234
2714
5213
1626
1845
3332
2375
5327
1456
8353
6228
9414
5054
5417
5139
1332
4771
1747
6813
3457
1075
6750
2053
7149
2797
6498
7955
2199
7129
5670
1937
507
5662
2467
9797
2635
8439
4841
8577
7314
7335
7393
3575
1109
7802
9602
7985
7451
9677
3048
192
9454
2417
3186
4899
1714
812
1211
4187
1222
6113
491
3148
7945
3521
5246
6039
4319
7138
8726
2662
1252
111
877
3254
8816
8576
7677
796
4939
6235
9347
8098
8850
5403
241
6913
7851
5648
3619
5171
6934
5415
8117
5289
3493
524
6339
7338
4669
6621
3297
7885
3869
1632
3148
425
783
824
257
2683
5725
9620
5004
105
8341
2601
9027
181
880
6769
1828
5859
4367
1523
5580
5454
6823
3077
7482
9447
9087
4416
2468
6240
1847
8979
5000
9832
8203
3003
789
8728
9992
4705
3595
3678
2031
963
720
3831
4376
568
4853
3555
4264
1470
5513
9475
4166
7287
1324
6006
7610
1364
214
1221
1191
2319
1976
9643
3067
719
5555
2745
1717
520
681
5865
3126
2450
4865
2961
4011
7596
6462
6218
9242
7295
610
9154
1706
7879
799
3007
2152
544
6110
2293
3400
5357
532
2073
5849
3519
9202
55
363
1331
8268
1601
7781
2333
1068
4169
2642
8101
4103
1394
9324
2655
9168
3329
493
4815
4220
1561
337
6652
2566
424
3760
7652
9108
9996
8890
864
906
7482
1955
26
9277
944
9554
9196
1770
2793
5221
9259
4440
4513
6407
6212
2316
1274
5989
4982
2956
3438
3357
4928
2053
5317
1351
8460
8128
8634
9176
1692
3747
7817
3541
9188
6917
6300
8342
2168
5012
5671
9419
2407
6122
3360
2563
8248
4012
2067
1290
6660
3749
4452
882
1157
8179
950
742
3965
1697
3868
1099
1018
5333
2590
4888
1097
8074
734
9752
3688
4432
5612
9469
1344
1475
839
7271
1283
1050
7988
6677
594
8096
1076
1691
1666
9080
1729
7525
2816
3133
5625
3691
7171
1640
367
7861
9425
3318
1358
1265
9508
968
6927
7858
1262
7580
7741
1883
3915
8588
2823
4525
4455
6710
7670
9198
1632
4028
1871
3851
5052
4973
27
6158
9022
8708
149
9811
3077
7967
8708
2232
3157
3923
8202
8099
9818
2429
4444
5161
8058
6316
6323
7163
75
3982
5409
6995
5701
9592
1560
7361
409
8970
7240
4047
1523
945
5208
3579
5115
3791
8439
486
4242
2664
1219
7496
8827
5999
1978
502
8936
7825
5279
9015
6215
9055
6127
548
5676
706
4180
9486
2784
554
858
1380
7402
2824
320
6868
9998
1772
3025
1890
8451
4929
6499
8840
7034
7480
5424
1485
6779
8467
2452
7224
1330
4755
4006
5494
8362
5139
155
9915
5768
2679
4054
8518
2700
1647
8996
1799
7411
9344
5592
6325
945
5749
4370
1483
2877
5282
8822
3556
3437
265
6570
2727
3572
3121
8351
9348
8345
724
1412
2127
2649
6439
5127
5996
4000
7551
7950
8124
8436
386
7157
7239
4035
8524
2824
3035
1726
1491
260
9571
5765
4237
633
4715
2485
5409
3586
9795
1824
8123
5848
7859
5340
452
260
1758
6734
9041
3700
10
6616
6298
2784
5487
2273
3950
6893
9357
340
2949
8481
7027
6700
838
9144
1709
4542
2091
9255
6398
7239
6370
7327
2639
6520
7012
7988
86
1343
1915
8735
6490
6888
9392
3728
4869
6291
6627
7576
2876
712
175
1814
828
2488
6748
2577
4949
1446
87
7253
6123
7415
7327
3985
3018
1957
4865
9200
6506
1578
3111
8743
9315
6651
8428
8063
1059
7266
2915
146
4269
8993
5673
9244
3285
4388
8087
7370
6698
6294
8301
7366
578
4647
156
5462
3804
2652
4738
2673
114
4503
1323
9219
4030
7465
4150
1747
8830
9685
3078
3075
5243
2727
5626
6568
8582
5269
2736
9772
5780
6341
9317
8960
4316
79
7919
7365
3598
6532
6575
2300
2951
3263
1921
6092
4434
7818
2054
3093
1441
1349
1908
9107
5756
227
8204
3013
8313
5781
9709
6462
6508
4075
7703
4828
8225
8167
2674
6807
6488
5685
6768
4332
8928
6009
4800
5099
888
5895
244
1069
1250
5064
9798
2490
2328
123
790
7386
1475
4347
2551
8394
6986
608
4475
1810
3368
3912
5916
6868
3122
1895
8157
2903
6599
9741
2688
2406
2008
6807
2649
1459
2489
8024
8274
671
6969
1818
7216
846
4479
1007
1479
5254
3573
9517
9866
169
8218
90
901
7668
5170
1107
5566
1735
7457
6467
2217
8453
1897
7059
1339
702
5103
2429
625
5372
8244
8869
531
7978
5603
8042
5699
8236
1958
1305
554
2523
3118
1091
9253
2527
2563
1728
3035
5202
2104
7044
9011
2418
3987
8385
7603
7591
8140
8253
1276
7047
7443
3462
229
7414
535
9347
1092
4498
5013
3404
7972
1070
1357
781
2660
9036
6251
3559
8284
7265
8548
2871
2598
4980
7199
3915
4714
3271
8055
7090
7481
7657
5182
5780
5023
1210
2372
1058
2531
5473
7704
175
4465
8667
2559
175
1178
7989
8211
6095
1018
2539
4973
5893
9802
2786
4245
9241
2390
9539
8713
8308
6562
5129
333
167
8377
1006
8850
3696
4327
5792
490
137
4359
522
2059
2529
7695
7216
4210
8528
155
9690
8665
8597
8583
3989
8860
1345
4033
7782
5849
1817
1438
8897
7255
2360
1900
3561
2344
20
2551
4361
7617
1506
1200
6962
1529
1644
2395
518
8272
1442
1064
6340
9859
9551
1429
5477
269
9677
3330
4503
8144
843
628
7127
2404
6094
1950
6292
5407
6102
8877
1586
1590
4963
7747
6205
5586
167
6598
430
2679
7886
2794
1395
657
635
1964
8409
9792
7844
2112
4093
613
1922
9950
2260
2189
961
4104
664
2462
4095
3344
1076
1472
7043
7672
3281
6254
1291
8921
3762
9036
5067
4679
9948
7804
8738
8341
9915
5932
3615
1429
529
6753
7668
3587
7168
9578
9018
7619
1562
2574
6694
3288
6247
9048
2282
2166
3879
1892
8750
3578
520
8906
2657
6969
1146
8219
9595
2614
3089
6521
9989
9848
8443
3628
171
8555
7299
8562
2016
3734
3461
4982
7139
4413
8179
9893
3841
8871
8807
6573
6826
387
4986
5943
6185
3590
7556
694
6718
1368
8068
3184
1358
1313
4819
1245
1438
4702
2997
1390
3099
136
1488
6335
4750
2487
4991
6144
7342
9106
1225
6240
8647
1994
174
6523
1945
8760
1329
1431
2468
9556
8188
265
9043
4520
6225
4253
7414
4708
9949
1333
644
3731
354
2385
6624
8878
3541
2656
8108
6175
6644
4246
9579
3881
604
815
2092
7606
9738
4036
4212
2193
3825
5899
4058
2917
2652
1939
1193
6853
8740
8224
1650
3406
7124
1827
3168
7786
9419
3614
80
2598
1233
5815
6608
1590
3998
11
4007
1704
7944
6757
5398
5430
8555
2015
4350
5328
3677
1000
8113
2249
6994
4614
2813
1729
2286
2462
871
3475
9722
3154
9668
111
3513
6346
1726
6267
5114
9094
6468
7382
3456
5251
7251
9949
7457
1564
2020
865
3996
2771
9590
9304
6607
2384
526
7716
376
2265
1227
8577
7514
275
207
4130
1586
5880
5771
7423
4682
5769
714
4648
6141
7045
2610
2029
7116
2987
4406
9552
3425
8765
3119
331
7139
6134
8107
5135
2121
6621
7350
8556
7362
1162
4729
4824
9748
9096
7361
9098
4932
9835
2146
2726
6517
2613
3787
782
84
1284
4699
3398
6900
6829
1204
2168
725
4255
5807
4202
2299
2785
4592
8941
8108
1326
427
3271
809
851
5655
9235
4065
1045
3091
5592
4690
8760
4710
6455
3185
2478
1323
857
4476
524
9661
25
9935
1700
5263
1581
9108
5422
7152
858
1790
4536
5884
5304
9303
7872
8662
7540
4552
5711
5573
2598
8650
5240
9852
3826
9211
5313
4095
2370
5795
5282
3155
1940
8839
6140
6117
5920
7565
9372
9774
1037
9185
5583
453
436
3815
1528
9397
7620
7603
3936
3008
6152
5974
9213
1460
3270
2457
7862
830
9290
3919
3942
1357
1555
5782
1808
6632
6779
574
8578
4978
3500
877
3052
9340
5697
8050
6130
6956
7611
3160
1312
1277
6806
7661
6943
631
763
8724
9221
2432
487
1497
1217
19
7036
2307
1191
2000
1238
1694
4392
6900
3409
2345
3783
7451
3497
3597
2327
979
9554
7136
4457
3187
4329
8761
4868
6236
2346
7013
6741
5038
8515
6296
4762
2670
7689
7000
7802
2646
58
1303
8344
4685
3219
4415
2871
2153
3762
9939
6479
7187
7247
2483
6544
8474
6007
7744
6839
459
2425
3361
6031
1711
2373
8438
1338
1685
8416
8875
6176
385
445
2127
6599
789
3753
5573
1972
9439
102
602
1281
9075
5627
8121
6240
1035
4505
2668
8574
6028
2705
9779
6491
2443
5812
8697
5113
7216
1419
6757
1874
1193
4361
3087
4432
978
3133
8580
999
532
876
2540
5142
684
9694
1705
5998
7229
8
2242
5969
8984
3258
9778
1312
1387
6266
4667
430
2727
1729
2670
4248
6279
212
9919
5593
1566
614
7700
888
8048
8124
7823
2805
4900
2817
2397
6533
4808
1914
1997
6794
8678
6989
2837
1942
2390
7614
129
6273
2227
5514
7374
905
5474
7320
711
7402
2176
9980
3165
831
7068
334
8108
4727
2389
2890
5323
2347
1221
537
5348
6222
7774
9632
2709
8086
6228
1256
150
731
267
6238
5901
7710
3842
2523
4206
124
5745
6151
6710
3810
4063
7978
2938
7699
7127
1715
2652
6200
843
8172
830
9608
6713
4221
1882
6008
3373
3968
449
4836
3016
